[gd_scene load_steps=15 format=2]

[ext_resource path="res://Player/Player.tscn" type="PackedScene" id=1]
[ext_resource path="res://Player/Player.gd" type="Script" id=2]
[ext_resource path="res://Terrain.tscn" type="PackedScene" id=3]
[ext_resource path="res://Target/Target.tscn" type="PackedScene" id=4]
[ext_resource path="res://Player/RayCast.gd" type="Script" id=5]
[ext_resource path="res://NPC/NPC.tscn" type="PackedScene" id=6]
[ext_resource path="res://NPC/NPC.gd" type="Script" id=7]
[ext_resource path="res://UI/Dialogue.gd" type="Script" id=8]
[ext_resource path="res://UI/UI.gd" type="Script" id=9]
[ext_resource path="res://Drone/Drone.tscn" type="PackedScene" id=10]
[ext_resource path="res://Assets/music.ogg" type="AudioStream" id=11]

[sub_resource type="SpatialMaterial" id=1]
albedo_color = Color( 1, 0, 0, 1 )
emission_enabled = true
emission = Color( 1, 0, 0, 1 )
emission_energy = 4.0
emission_operator = 0
emission_on_uv2 = false

[sub_resource type="SphereMesh" id=2]
material = SubResource( 1 )
radius = 0.5
height = 1.0

[sub_resource type="SphereShape" id=3]
radius = 5.42929

[node name="Game" type="Spatial"]

[node name="Player" parent="." instance=ExtResource( 1 )]
transform = Transform( -0.848538, 0, -0.529135, 0, 1, 0, 0.529135, 0, -0.848538, 43.4899, 0.0008443, 17.5554 )
collision_layer = 2
collision_mask = 7
script = ExtResource( 2 )

[node name="Pivot" type="Position3D" parent="Player"]

[node name="Camera" type="Camera" parent="Player/Pivot"]
transform = Transform( -1, 5.65818e-08, -3.20891e-07, 0, 0.984808, 0.173648, 3.25841e-07, 0.173648, -0.984808, 0, 5, -8 )

[node name="RayCast" type="RayCast" parent="Player/Pivot"]
transform = Transform( 1, 0, 0, 0, 1, 0, 0, 0, 1, 0, 3, 3.08487 )
enabled = true
cast_to = Vector3( 0, -1, 100 )
script = ExtResource( 5 )

[node name="Reticule" type="Position3D" parent="Player/Pivot/RayCast"]
transform = Transform( 1, 0, 0, 0, 1, 0, 0, 0, 1, 0, 0, 50 )

[node name="MeshInstance" type="MeshInstance" parent="Player/Pivot/RayCast/Reticule"]
mesh = SubResource( 2 )
material/0 = null

[node name="lowpoly_scene" parent="." instance=ExtResource( 3 )]
transform = Transform( 3, 0, 0, 0, 3, 0, 0, 0, 3, 0, 0, 0 )

[node name="Target_container" type="Spatial" parent="."]
visible = false

[node name="Target" parent="Target_container" instance=ExtResource( 4 )]
transform = Transform( 0.99976, 0, 0.0219196, 0, 1, 0, -0.0219196, 0, 0.99976, -33.9471, 4, 9 )

[node name="Target2" parent="Target_container" instance=ExtResource( 4 )]
transform = Transform( 0.885361, 0, -0.464904, 0, 1, 0, 0.464904, 0, 0.885361, -45.2494, 4, -32.0746 )

[node name="Target3" parent="Target_container" instance=ExtResource( 4 )]
transform = Transform( 0.594248, 0, -0.804282, 0, 1, 0, 0.804282, 0, 0.594248, -66.1493, 9.55755, -58.093 )

[node name="Target4" parent="Target_container" instance=ExtResource( 4 )]
transform = Transform( 0.676221, 0, -0.736699, 0, 1, 0, 0.736699, 0, 0.676221, -34.237, 6.85868, -58.093 )

[node name="Target5" parent="Target_container" instance=ExtResource( 4 )]
transform = Transform( -0.361426, 0.101916, 0.926814, 0.517706, 0.848642, 0.108568, -0.775469, 0.519057, -0.359484, 13.5136, 2.07529, -15.5664 )

[node name="Drone_container" type="Spatial" parent="."]

[node name="Drone" parent="Drone_container" instance=ExtResource( 10 )]
transform = Transform( 3, 0, 0, 0, 3, 0, 0, 0, 3, 0, 20, 100 )

[node name="NPC" parent="." instance=ExtResource( 6 )]
transform = Transform( 1, 0, 0, 0, 1, 0, 0, 0, 1, 42.4465, 0.36371, -5.99537 )
script = ExtResource( 7 )

[node name="Area" type="Area" parent="NPC"]
collision_layer = 2
collision_mask = 2

[node name="CollisionShape" type="CollisionShape" parent="NPC/Area"]
shape = SubResource( 3 )

[node name="UI" type="CanvasLayer" parent="."]
script = ExtResource( 9 )

[node name="Damage" type="ColorRect" parent="UI"]
anchor_right = 1.0
anchor_bottom = 1.0
color = Color( 1, 0, 0, 0 )
__meta__ = {
"_edit_use_anchors_": false
}

[node name="Background" type="ColorRect" parent="UI"]
anchor_right = 1.0
margin_bottom = 30.0
color = Color( 0, 0, 0, 0.501961 )
__meta__ = {
"_edit_use_anchors_": false
}

[node name="Score" type="Label" parent="UI"]
margin_left = 10.0
margin_right = 510.0
margin_bottom = 30.0
text = "Score:"
valign = 1
__meta__ = {
"_edit_use_anchors_": false
}

[node name="Time" type="Label" parent="UI"]
margin_left = 512.0
margin_right = 1014.0
margin_bottom = 30.0
text = "Timer: 00:00"
align = 2
valign = 1
__meta__ = {
"_edit_use_anchors_": false
}

[node name="Timer" type="Timer" parent="UI"]

[node name="Dialogue" type="Control" parent="UI"]
visible = false
anchor_right = 1.0
anchor_bottom = 1.0
script = ExtResource( 8 )
__meta__ = {
"_edit_use_anchors_": false
}

[node name="Background" type="ColorRect" parent="UI/Dialogue"]
anchor_top = 1.0
anchor_right = 1.0
anchor_bottom = 1.0
margin_top = -30.0
color = Color( 0, 0, 0, 0.505882 )

[node name="Text" type="RichTextLabel" parent="UI/Dialogue"]
anchor_top = 1.0
anchor_right = 1.0
anchor_bottom = 1.0
margin_top = -20.0
margin_bottom = 10.0
bbcode_enabled = true

[node name="AudioStreamPlayer" type="AudioStreamPlayer" parent="."]
stream = ExtResource( 11 )
volume_db = -30.0
autoplay = true
[connection signal="body_entered" from="NPC/Area" to="NPC" method="_on_Area_body_entered"]
[connection signal="body_exited" from="NPC/Area" to="NPC" method="_on_Area_body_exited"]
[connection signal="timeout" from="UI/Timer" to="UI" method="_on_Timer_timeout"]
